V(0) = 4.94066e-324
V(1) = 4.94066e-324
V(2) = 4.94066e-324
V(3) = 4.94066e-324
V(4) = 4.94066e-324
V(5) = 4.94066e-324
V(6) = 4.94066e-324
V(7) = 4.94066e-324
V(8) = 4.94066e-324
V(9) = 4.94066e-324
V(10) = 0.487706
V(11) = 0.951626
V(12) = 1.39292
V(13) = 1.81269
V(14) = 2.21199
V(15) = 2.59182
V(16) = 2.95312
V(17) = 3.2968
V(18) = 3.62372
V(19) = 3.93469
V(20) = 4.2305
V(21) = 4.51188
V(22) = 4.77954
V(23) = 5.03415
V(24) = 5.27633
V(25) = 5.50671
V(26) = 5.72585
V(27) = 5.9343
V(28) = 6.13259
V(29) = 6.32121
V(30) = 6.50062
V(31) = 6.67129
V(32) = 6.83363
V(33) = 6.98806
V(34) = 7.13495
V(35) = 7.27468
V(36) = 7.4076
V(37) = 7.53403
V(38) = 7.6543
V(39) = 7.7687
V(40) = 7.87752
V(41) = 7.98103
V(42) = 8.0795
V(43) = 8.17316
V(44) = 8.26226
V(45) = 8.34701
V(46) = 8.42763
V(47) = 8.50431
V(48) = 8.57726
V(49) = 8.64665
V(50) = 8.71265
V(51) = 8.77544
V(52) = 8.83516
V(53) = 8.89197
V(54) = 8.94601
V(55) = 8.99741
V(56) = 9.04631
V(57) = 9.09282
V(58) = 9.13706
V(59) = 9.17915
V(60) = 9.21918
V(61) = 9.25726
V(62) = 9.29349
V(63) = 9.32794
V(64) = 9.36072
V(65) = 9.3919
V(66) = 9.42156
V(67) = 9.44977
V(68) = 9.4766
V(69) = 9.50213
V(70) = 9.52641
V(71) = 9.54951
V(72) = 9.57148
V(73) = 9.59238
V(74) = 9.61226
V(75) = 9.63117
V(76) = 9.64916
V(77) = 9.66627
V(78) = 9.68254
V(79) = 9.69803
V(80) = 9.71275
V(81) = 9.72676
V(82) = 9.74009
V(83) = 9.75276
V(84) = 9.76482
V(85) = 9.77629
V(86) = 9.7872
V(87) = 9.79758
V(88) = 9.80745
V(89) = 9.81684
V(90) = 9.33807
V(91) = 8.88265
V(92) = 8.44944
V(93) = 8.03735
V(94) = 7.64537
V(95) = 7.2725
V(96) = 6.91781
V(97) = 6.58043
V(98) = 6.2595
V(99) = 5.95422
